E:\VFX\panorama_pictures\4\Img01.jpg
1296 1936

2 0 967.5 
0 2 647.5 
0 0 1 

0.99964 0.0180871 -0.0197965 
-0.0180836 0.999837 0.000358143 
0.0197997 -1.22372e-008 0.999804 

754.562

E:\VFX\panorama_pictures\4\Img02.jpg
1296 1936

2 0 967.5 
0 2 647.5 
0 0 1 

0.999978 0.00575102 0.00330945 
-0.00663527 0.868126 0.4963 
-1.87032e-005 -0.496311 0.868145 

747.53

E:\VFX\panorama_pictures\4\Img03.jpg
1296 1936

2 0 967.5 
0 2 647.5 
0 0 1 

0.999973 0.00016331 -0.00734991 
0.00592284 0.57436 0.818582 
0.00435524 -0.818603 0.574343 

744.72

E:\VFX\panorama_pictures\4\Img04.jpg
1296 1936

2 0 967.5 
0 2 647.5 
0 0 1 

0.999876 -0.00813858 -0.0135054 
0.0150254 0.232011 0.972597 
-0.00478207 -0.972679 0.232104 

750.763

E:\VFX\panorama_pictures\4\Img05.jpg
1296 1936

2 0 967.5 
0 2 647.5 
0 0 1 

0.999375 0.0348188 0.00607254 
-0.00361566 -0.0701962 0.997527 
0.035159 -0.996925 -0.0700263 

758.231

E:\VFX\panorama_pictures\4\Img06.jpg
1296 1936

2 0 967.5 
0 2 647.5 
0 0 1 

0.9992 0.0342415 0.0206685 
-0.00745399 -0.348283 0.93736 
0.0392952 -0.936764 -0.347749 

760.537

E:\VFX\panorama_pictures\4\Img07.jpg
1296 1936

2 0 967.5 
0 2 647.5 
0 0 1 

0.997538 0.0304954 0.06315 
-0.0246906 -0.690115 0.723279 
0.0656375 -0.723057 -0.687663 

764.781

E:\VFX\panorama_pictures\4\Img08.jpg
1296 1936

2 0 967.5 
0 2 647.5 
0 0 1 

0.997094 -0.00908789 0.0756395 
-0.0347908 -0.937601 0.345968 
0.0677757 -0.347595 -0.935192 

765.819

E:\VFX\panorama_pictures\4\Img09.jpg
1296 1936

2 0 967.5 
0 2 647.5 
0 0 1 

0.997381 -0.0242741 0.0681413 
-0.0255597 -0.99951 0.0180586 
0.0676696 -0.0197529 -0.997512 

761.909

E:\VFX\panorama_pictures\4\Img10.jpg
1296 1936

2 0 967.5 
0 2 647.5 
0 0 1 

0.998226 -0.0280031 0.052548 
-0.0039772 -0.911896 -0.410402 
0.0594109 0.409465 -0.910389 

755.541

E:\VFX\panorama_pictures\4\Img11.jpg
1296 1936

2 0 967.5 
0 2 647.5 
0 0 1 

0.999083 -0.0297023 0.0308359 
0.00309129 -0.668298 -0.743887 
0.0427027 0.7433 -0.667594 

743.114

E:\VFX\panorama_pictures\4\Img12.jpg
1296 1936

2 0 967.5 
0 2 647.5 
0 0 1 

0.998909 -0.040335 0.023564 
0.00900366 -0.328735 -0.944379 
0.0458379 0.94356 -0.328013 

746.942

E:\VFX\panorama_pictures\4\Img13.jpg
1296 1936

2 0 967.5 
0 2 647.5 
0 0 1 

0.998882 -0.0472485 0.00167997 
0.00380041 0.0448251 -0.998988 
0.0471254 0.997877 0.0449545 

749.649

E:\VFX\panorama_pictures\4\Img14.jpg
1296 1936

2 0 967.5 
0 2 647.5 
0 0 1 

0.998869 -0.0419052 -0.0224528 
-0.0047904 0.38116 -0.924497 
0.0472993 0.923559 0.380528 

751.435

E:\VFX\panorama_pictures\4\Img15.jpg
1296 1936

2 0 967.5 
0 2 647.5 
0 0 1 

0.998241 -0.0239236 -0.0542529 
-0.0212295 0.710123 -0.703758 
0.0553627 0.703671 0.708366 

751.27

E:\VFX\panorama_pictures\4\Img16.jpg
1296 1936

2 0 967.5 
0 2 647.5 
0 0 1 

0.998112 0.00547958 -0.0611712 
-0.0281629 0.925955 -0.376581 
0.0545783 0.377593 0.924362 

748.79

E:\VFX\panorama_pictures\4\Img00.jpg
1296 1936

2 0 967.5 
0 2 647.5 
0 0 1 

0.999535 0.00678726 -0.0297278 
-0.0186039 0.908179 -0.418169 
0.0241599 0.418527 0.907883 

762.045

